60 11 53 74 30 15 23 60 68 63 53 90 66 24 23 47 22 7 12 49 80 36 64 73 21 88 58 10 51 63 58 72 85 89 91 
13 61 53 22 81 0 54 59 80 18 9 41 22 41 17 74 14 87 87 86 78 51 41 71 94 41 85 14 79 73 6 84 2 73 11 
100 7 78 98 39 33 82 49 61 21 25 1 14 61 8 24 84 43 39 9 26 57 4 91 11 1 6 84 49 86 100 8 96 60 96 
82 76 75 95 83 69 76 13 30 93 66 89 69 71 30 46 45 99 17 38 70 78 16 67 92 63 42 93 77 50 13 15 39 70 50 
60 97 100 19 16 61 50 49 81 2 80 56 9 60 61 39 15 22 7 68 34 41 75 35 57 58 44 39 76 100 54 60 25 96 61 
48 54 4 6 61 8 33 96 77 8 6 60 12 52 48 35 87 39 57 41 58 4 80 75 13 96 27 51 75 4 46 36 95 48 82 
88 82 75 2 60 4 77 43 30 17 41 27 94 49 39 50 36 7 13 100 4 10 76 13 93 18 75 14 83 33 28 17 91 27 21 
75 88 56 85 22 100 34 48 77 26 40 72 40 45 83 6 76 21 57 57 6 15 38 21 87 41 40 49 100 68 7 57 68 42 87 
67 70 5 96 24 34 24 26 42 23 84 80 19 91 5 89 88 28 58 43 31 46 24 16 8 68 76 94 69 12 28 56 89 12 59 
14 64 44 3 56 40 61 60 23 28 80 65 30 69 100 34 51 52 24 99 39 38 93 14 43 29 26 11 84 99 42 100 76 44 54 
ALBA MUÑOZ MIÑANO